15.64044162334712
19.972396046232284
10.924566793396474
15.196502292912657
12.693637103094913
11.745171846815213
26.392630984842857
30.93275717409785
30.341579877127504
29.03545620130043
11.966890802437565
27.457760866945012
27.850750245533938
19.321123760559317
29.703684262714226
28.46630710578118
10.683792025544475
27.235246755729634
14.779988843570482
23.359890398214795
22.713726035222304
22.292061481449252
28.552005324340158
24.18351262586451
24.478952270516587
12.251945059279848
28.55614388377203
27.430002936665677
18.376498695450607
24.91510493231128
21.78246320199474
30.306044099381346
