4.169472580922817
304.98808033722014
948.1399099738538
306.2172408798245
522.8398846107968
643.0535180916751
361.53901022292257
993.2614357691309
609.3333126443656
337.6522199640997
109.72510622177201
153.4668081716254
253.11206544235188
638.0730785293666
146.64261530505507
686.696370222411
749.7178675356835
722.6230527882954
579.2909674488058
898.515926372456
621.0845346671131
494.7301478560739
43.35567648338423
225.9521101274138
985.4323423754106
379.33671396746394
743.2636704280743
321.9842817801642
861.8282812022381
721.2942965402268
826.0698257955322
697.7936033568932
