0000000000000000
1011111101111110
0011111011111100
1011111010100110
0011111001111000
1011111001000100
0011111000100010
1011111000001010
0011110111110000
1011110111010011
0011110110111100
1011110110101010
0011110110011010
1011110110001101
0011110110000010
1011110101110000
0011110101100000
1011110101010000
0011110101000011
1011110100110111
0011110100101100
1011110100100011
0011110100011010
1011110100010010
0011110100001010
1011110100000011
0011110011111010
1011110011101110
0011110011100100
1011110011011010
0011110011010000
1011110011001000
0011110011000000
1011110010111000
0011110010110000
1011110010101010
0011110010100011
1011110010011101
0011110010010111
1011110010010010
0011110010001100
1011110010000111
0011110010000011
1011110001111100
0011110001110100
1011110001101100
0011110001100100
1011110001011100
0011110001010100
1011110001001110
0011110001000110
1011110001000000
0011110000111010
1011110000110100
0011110000101110
1011110000101000
0011110000100100
1011110000011110
0011110000011010
1011110000010100
0011110000010000
1011110000001100
0011110000001000
1011110000000100
0011110000000000
1011101111111010
0011101111110100
1011101111101110
0011101111101001
1011101111100100
0011101111011111
1011101111011010
0011101111010101
1011101111010000
0011101111001100
1011101111000111
0011101111000011
1011101110111111
0011101110111011
1011101110110111
0011101110110011
1011101110101111
0011101110101011
1011101110101000
0011101110100100
1011101110100001
0011101110011101
1011101110011010
0011101110010111
1011101110010100
0011101110010001
1011101110001110
0011101110001011
1011101110001000
0011101110000101
1011101110000010
0011101110000000
1011101101111010
0011101101110100
1011101101110000
0011101101101010
1011101101100110
0011101101100000
1011101101011100
0011101101011000
1011101101010100
0011101101001110
1011101101001010
0011101101000110
1011101101000010
0011101100111110
1011101100111010
0011101100110110
1011101100110010
0011101100101110
1011101100101010
0011101100100110
1011101100100100
0011101100100000
1011101100011100
0011101100011000
1011101100010110
0011101100010010
1011101100001110
0011101100001100
1011101100001000
0011101100000110
1011101100000010
