0100000000000110
0100000110001011
0100000111110101
0100000110001100
0100000110110101
0100000111001010
0100000110011000
0100000111111011
0100000111000101
0100000110010010
0100000100101000
0100000101000101
0100000101111110
0100000111001001
0100000101000010
0100000111010001
0100000111011010
0100000111010110
0100000110111111
0100000111101111
0100000111000111
0100000110110010
0100000011010100
0100000101110000
0100000111111011
0100000110011011
0100000111011001
0100000110001111
0100000111101010
0100000111010110
0100000111100101
0100000111010011
0100000000110101
0100000000110101
