0.051821357534055146
-0.0889079342860768
-0.16688058521034677
0.0009359998934677094
-0.2406923055217547
-0.10849991800924741
-0.014179188777056595
-0.14105044686169066
-0.05967768969984988
-0.1253155065185112
0.025024762713183435
-0.07567210776575273
-0.034496077574294404
-0.13510844254961896
0.015391612233900176
-0.07989210476568687
-0.13097638024771996
-0.13164899682114495
-0.19346416888301832
-0.10025523448392448
-0.04656766070531759
0.007469841403519695
0.04049724858556747
-0.031703500515627425
-0.01659668407152992
-0.10156833139410892
-0.137862476784683
-0.06892046850866507
-0.10691198341947938
-0.10692269304558266
-0.11643047580499655
-0.040783224369729254
