2.041928642465945
17.463907934286077
30.791880585210347
17.499064000106532
22.865692305521755
25.358499918009247
19.014179188777057
31.51605044686169
24.68467768969985
18.37531550651851
10.474975237286817
12.388172107765753
15.909496077574294
25.26010844254962
12.1096083877661
26.204892104765687
27.38097638024772
26.881648996821145
24.06846416888302
29.975255234483924
24.921567660705318
22.24253015859648
6.5845027514144325
15.031703500515627
31.39159668407153
19.47656833139411
27.262862476784683
17.943920468508665
29.35691198341948
26.856922693045583
28.741430475804997
26.41578322436973
