244.6234141733291
398.896603827555
119.34615962338091
230.9336819384996
161.1284229050678
137.94906171122068
696.5709703020873
956.8354663917021
920.6114694401086
843.0577168176355
143.20647547746478
753.928631826337
775.6642892391087
373.30582337084985
882.3088587790168
810.3306402406481
114.14341204508771
741.7586658454816
218.44807021606795
545.6844794166077
515.9133504031355
496.9360050927134
815.2170080411488
584.8422829253482
599.2191042622292
150.11015773561186
815.4533535106907
752.4050611054876
337.69570430389786
620.7624537880819
474.475703146255
918.4563089536468
