0100000101111010
0100000110100000
0100000100101111
0100000101110010
0100000101001100
0100000100111100
0100000111010011
0100000111110111
0100000111110010
0100000111100111
0100000101000000
0100000111011011
0100000111011110
0100000110011010
0100000111101101
0100000111100011
0100000100101011
0100000111011001
0100000101101011
0100000110111011
0100000110110101
0100000110110010
0100000111100011
0100000111000001
0100000111000011
0100000101000011
0100000111100011
0100000111011011
0100000110010010
0100000111000111
0100000110101110
0100000111110010
0100000001101111
