-0.015441623347120625
0.027603953767716405
0.012933206603525704
-0.07150229291265653
0.05636289690508711
0.004828153184787354
-0.017630984842856634
-0.057757174097851305
-0.09157987712750426
-0.16045620130043048
0.033109197562435355
-0.08276086694501217
-0.10075024553393774
-0.0711237605593169
-0.07868426271422635
-0.09130710578117984
0.003707974455524621
-0.1102467557296336
-0.09248884357048226
0.015109601785205484
-0.08872603522230449
-0.04206148144925237
-0.1770053243401577
-0.058512625864509005
-0.10395227051658651
-0.06444505927984778
-0.18114388377203028
-0.05500293666567657
-0.1264986954506071
-0.040104932311280095
-0.03246320199474084
-0.0560440993813458
